burma14.tsp: (3323, [4, 3, 14, 2, 1, 10, 9, 11, 8, 13, 7, 12, 6, 5])
ulysses16.tsp: (6859, [11, 5, 15, 14, 13, 1, 8, 4, 2, 3, 16, 12, 7, 6, 10, 9])
gr17.tsp: (2085, [3, 11, 10, 2, 5, 9, 12, 16, 1, 4, 13, 7, 8, 6, 17, 14, 15])
br17.atsp: (39, [2, 8, 17, 9, 5, 4, 7, 15, 6, 16, 1, 12, 14, 3, 11, 10, 13])
gr21.tsp: (2707, [15, 14, 13, 18, 10, 17, 19, 20, 11, 4, 12, 1, 7, 8, 6, 16, 5, 9, 3, 2, 21])
ulysses22.tsp: (7013, [21, 16, 3, 2, 17, 22, 4, 18, 8, 1, 14, 13, 12, 7, 6, 15, 5, 11, 9, 10, 19, 20])
gr24.tsp: (1272, [9, 23, 4, 12, 1, 16, 11, 3, 7, 6, 24, 8, 21, 5, 10, 17, 18, 22, 19, 15, 2, 20, 14, 13])
fri26.tsp: (937, [4, 6, 5, 7, 8, 9, 10, 14, 15, 13, 12, 11, 16, 19, 20, 18, 17, 21, 22, 26, 23, 24, 25, 1, 2, 3])
bays29.tsp: (2020, [8, 24, 16, 13, 21, 1, 28, 6, 12, 9, 5, 26, 29, 3, 2, 20, 10, 4, 15, 18, 17, 14, 22, 11, 19, 25, 7, 23, 27])
dantzig42.tsp: (699, [4, 5, 6, 7, 8, 9, 10, 11, 12, 13, 14, 15, 16, 17, 18, 19, 20, 21, 22, 23, 24, 25, 26, 27, 28, 29, 30, 31, 32, 33, 34, 35, 36, 37, 38, 39, 40, 41, 42, 1, 2, 3])
